
1 : 0.9972602740 0.0027397260 -> 0.0000000000
2 : 0.9945280540 0.0054644399 -> 0.0000075061
3 : 0.9918033196 0.0081742032 -> 0.0000224772
4 : 0.9890860503 0.0108690775 -> 0.0000448722
5 : 0.9863762255 0.0135491240 -> 0.0000746505
6 : 0.9836738249 0.0162144037 -> 0.0001117714
7 : 0.9809788281 0.0188649775 -> 0.0001561944
8 : 0.9782912149 0.0215009058 -> 0.0002078793
9 : 0.9756109650 0.0241222491 -> 0.0002667859
10 : 0.9729380582 0.0267290675 -> 0.0003328743
11 : 0.9702724745 0.0293214209 -> 0.0004061046
12 : 0.9676141937 0.0318993690 -> 0.0004864372
13 : 0.9649631959 0.0344629713 -> 0.0005738328
14 : 0.9623194612 0.0370122870 -> 0.0006682519
15 : 0.9596829695 0.0395473751 -> 0.0007696554
16 : 0.9570537011 0.0420682946 -> 0.0008780044
17 : 0.9544316361 0.0445751039 -> 0.0009932600
18 : 0.9518167549 0.0470678615 -> 0.0011153836
19 : 0.9492090378 0.0495466256 -> 0.0012443366
20 : 0.9466084651 0.0520114541 -> 0.0013800808
21 : 0.9440150172 0.0544624048 -> 0.0015225779
22 : 0.9414286747 0.0568995353 -> 0.0016717900
23 : 0.9388494181 0.0593229028 -> 0.0018276791
24 : 0.9362772279 0.0617325645 -> 0.0019902076
25 : 0.9337120848 0.0641285773 -> 0.0021593379
26 : 0.9311539695 0.0665109978 -> 0.0023350327
27 : 0.9286028627 0.0688798827 -> 0.0025172546
28 : 0.9260587453 0.0712352881 -> 0.0027059666
29 : 0.9235215981 0.0735772702 -> 0.0029011318
30 : 0.9209914019 0.0759058848 -> 0.0031027133
31 : 0.9184681378 0.0782211876 -> 0.0033106746
32 : 0.9159517867 0.0805232340 -> 0.0035249793
33 : 0.9134423298 0.0828120793 -> 0.0037455909
34 : 0.9109397481 0.0850877787 -> 0.0039724733
35 : 0.9084440227 0.0873503868 -> 0.0042055905
36 : 0.9059551350 0.0895999584 -> 0.0044449066
37 : 0.9034730661 0.0918365479 -> 0.0046903859
38 : 0.9009977974 0.0940602096 -> 0.0049419929
39 : 0.8985293103 0.0962709975 -> 0.0051996921
40 : 0.8960675862 0.0984689655 -> 0.0054634483
41 : 0.8936126065 0.1006541672 -> 0.0057332263
42 : 0.8911643528 0.1028266561 -> 0.0060089911
43 : 0.8887228066 0.1049864854 -> 0.0062907080
44 : 0.8862879496 0.1071337082 -> 0.0065783422
45 : 0.8838597635 0.1092683773 -> 0.0068718592
46 : 0.8814382299 0.1113905455 -> 0.0071712246
47 : 0.8790233306 0.1135002652 -> 0.0074764042
48 : 0.8766150475 0.1155975887 -> 0.0077873638
49 : 0.8742133624 0.1176825680 -> 0.0081040695
50 : 0.8718182573 0.1197552551 -> 0.0084264875
51 : 0.8694297142 0.1218157017 -> 0.0087545841
52 : 0.8670477149 0.1238639593 -> 0.0090883258
53 : 0.8646722418 0.1259000792 -> 0.0094276791
54 : 0.8623032767 0.1279241125 -> 0.0097726108
55 : 0.8599408020 0.1299361102 -> 0.0101230878
56 : 0.8575847998 0.1319361230 -> 0.0104790772
57 : 0.8552352524 0.1339242016 -> 0.0108405460
58 : 0.8528921421 0.1359003963 -> 0.0112074616
59 : 0.8505554513 0.1378647572 -> 0.0115797915
60 : 0.8482251624 0.1398173345 -> 0.0119575031
61 : 0.8459012578 0.1417581778 -> 0.0123405643
62 : 0.8435837201 0.1436873369 -> 0.0127289429
63 : 0.8412725319 0.1456048613 -> 0.0131226068
64 : 0.8389676756 0.1475108001 -> 0.0135215243
65 : 0.8366691340 0.1494052025 -> 0.0139256634
66 : 0.8343768898 0.1512881174 -> 0.0143349928
67 : 0.8320909258 0.1531595935 -> 0.0147494808
68 : 0.8298112246 0.1550196793 -> 0.0151690961
69 : 0.8275377692 0.1568684233 -> 0.0155938075
70 : 0.8252705424 0.1587058735 -> 0.0160235840
71 : 0.8230095272 0.1605320781 -> 0.0164583947
72 : 0.8207547066 0.1623470848 -> 0.0168982086
73 : 0.8185060636 0.1641509413 -> 0.0173429951
74 : 0.8162635812 0.1659436951 -> 0.0177927237
75 : 0.8140272426 0.1677253934 -> 0.0182473640
76 : 0.8117970310 0.1694960834 -> 0.0187068856
77 : 0.8095729296 0.1712558120 -> 0.0191712584
78 : 0.8073549215 0.1730046260 -> 0.0196404524
79 : 0.8051429902 0.1747425721 -> 0.0201144377
80 : 0.8029371190 0.1764696965 -> 0.0205931845
81 : 0.8007372913 0.1781860456 -> 0.0210766631
82 : 0.7985434905 0.1798916654 -> 0.0215648440
83 : 0.7963557001 0.1815866020 -> 0.0220576979
84 : 0.7941739037 0.1832709009 -> 0.0225551955
85 : 0.7919980848 0.1849446077 -> 0.0230573075
86 : 0.7898282270 0.1866077679 -> 0.0235640051
87 : 0.7876643141 0.1882604267 -> 0.0240752592
88 : 0.7855063296 0.1899026291 -> 0.0245910412
89 : 0.7833542575 0.1915344201 -> 0.0251113224
90 : 0.7812080814 0.1931558443 -> 0.0256360742
91 : 0.7790677853 0.1947669463 -> 0.0261652683
92 : 0.7769333530 0.1963677706 -> 0.0266988764
93 : 0.7748047685 0.1979583612 -> 0.0272368703
94 : 0.7726820157 0.1995387623 -> 0.0277792220
95 : 0.7705650787 0.2011090178 -> 0.0283259035
96 : 0.7684539415 0.2026691714 -> 0.0288768871
97 : 0.7663485882 0.2042192666 -> 0.0294321451
98 : 0.7642490031 0.2057593470 -> 0.0299916500
99 : 0.7621551702 0.2072894556 -> 0.0305553742
100 : 0.7600670738 0.2088096357 -> 0.0311232905
101 : 0.7579846983 0.2103199300 -> 0.0316953717
102 : 0.7559080279 0.2118203814 -> 0.0322715907
103 : 0.7538370470 0.2133110325 -> 0.0328519205
104 : 0.7517717400 0.2147919257 -> 0.0334363343
105 : 0.7497120914 0.2162631033 -> 0.0340248053
106 : 0.7476580857 0.2177246074 -> 0.0346173070
107 : 0.7456097073 0.2191764799 -> 0.0352138128
108 : 0.7435669410 0.2206187627 -> 0.0358142963
109 : 0.7415297713 0.2220514975 -> 0.0364187312
110 : 0.7394981829 0.2234747256 -> 0.0370270915
111 : 0.7374721605 0.2248884885 -> 0.0376393510
112 : 0.7354516888 0.2262928273 -> 0.0382554839
113 : 0.7334367527 0.2276877831 -> 0.0388754642
114 : 0.7314273369 0.2290733967 -> 0.0394992664
115 : 0.7294234264 0.2304497089 -> 0.0401268647
116 : 0.7274250061 0.2318167602 -> 0.0407582338
117 : 0.7254320608 0.2331745910 -> 0.0413933482
118 : 0.7234445757 0.2345232416 -> 0.0420321827
119 : 0.7214625358 0.2358627521 -> 0.0426747121
120 : 0.7194859261 0.2371931625 -> 0.0433209114
121 : 0.7175147318 0.2385145125 -> 0.0439707557
122 : 0.7155489380 0.2398268419 -> 0.0446242201
123 : 0.7135885300 0.2411301901 -> 0.0452812800
124 : 0.7116334929 0.2424245965 -> 0.0459419106
125 : 0.7096838121 0.2437101003 -> 0.0466060876
126 : 0.7077394729 0.2449867406 -> 0.0472737865
127 : 0.7058004606 0.2462545563 -> 0.0479449831
128 : 0.7038667607 0.2475135862 -> 0.0486196531
129 : 0.7019383587 0.2487638689 -> 0.0492977725
130 : 0.7000152399 0.2500054428 -> 0.0499793173
131 : 0.6980973899 0.2512383464 -> 0.0506642638
132 : 0.6961847943 0.2524626177 -> 0.0513525880
133 : 0.6942774387 0.2536782949 -> 0.0520442664
134 : 0.6923753087 0.2548854159 -> 0.0527392754
135 : 0.6904783901 0.2560840183 -> 0.0534375916
136 : 0.6885866685 0.2572741399 -> 0.0541391917
137 : 0.6867001296 0.2584558180 -> 0.0548440523
138 : 0.6848187594 0.2596290901 -> 0.0555521505
139 : 0.6829425436 0.2607939933 -> 0.0562634630
140 : 0.6810714682 0.2619505647 -> 0.0569779671
141 : 0.6792055190 0.2630988411 -> 0.0576956399
142 : 0.6773446819 0.2642388594 -> 0.0584164587
143 : 0.6754889431 0.2653706562 -> 0.0591404007
144 : 0.6736382884 0.2664942679 -> 0.0598674436
145 : 0.6717927041 0.2676097310 -> 0.0605975649
146 : 0.6699521761 0.2687170816 -> 0.0613307423
147 : 0.6681166907 0.2698163559 -> 0.0620669534
148 : 0.6662862340 0.2709075897 -> 0.0628061763
149 : 0.6644607923 0.2719908188 -> 0.0635483889
150 : 0.6626403517 0.2730660790 -> 0.0642935692
151 : 0.6608248987 0.2741334058 -> 0.0650416955
152 : 0.6590144196 0.2751928345 -> 0.0657927459
153 : 0.6572089006 0.2762444005 -> 0.0665466989
154 : 0.6554083283 0.2772881389 -> 0.0673035328
155 : 0.6536126890 0.2783240846 -> 0.0680632264
156 : 0.6518219693 0.2793522726 -> 0.0688257581
157 : 0.6500361557 0.2803727375 -> 0.0695911068
158 : 0.6482552347 0.2813855140 -> 0.0703592513
159 : 0.6464791930 0.2823906365 -> 0.0711301705
160 : 0.6447080171 0.2833881394 -> 0.0719038435
161 : 0.6429416938 0.2843780569 -> 0.0726802494
162 : 0.6411802097 0.2853604230 -> 0.0734593673
163 : 0.6394235516 0.2863352717 -> 0.0742411767
164 : 0.6376717062 0.2873026369 -> 0.0750256569
165 : 0.6359246605 0.2882625521 -> 0.0758127874
166 : 0.6341824011 0.2892150511 -> 0.0766025478
167 : 0.6324449151 0.2901601671 -> 0.0773949178
168 : 0.6307121893 0.2910979335 -> 0.0781898772
169 : 0.6289842107 0.2920283835 -> 0.0789874058
170 : 0.6272609663 0.2929515502 -> 0.0797874835
171 : 0.6255424431 0.2938674664 -> 0.0805900905
172 : 0.6238286282 0.2947761650 -> 0.0813952069
173 : 0.6221195086 0.2956776786 -> 0.0822028128
174 : 0.6204150716 0.2965720397 -> 0.0830128886
175 : 0.6187153043 0.2974592809 -> 0.0838254148
176 : 0.6170201939 0.2983394344 -> 0.0846403717
177 : 0.6153297276 0.2992125324 -> 0.0854577400
178 : 0.6136438927 0.3000786069 -> 0.0862775004
179 : 0.6119626766 0.3009376899 -> 0.0870996335
180 : 0.6102860665 0.3017898131 -> 0.0879241204
181 : 0.6086140499 0.3026350083 -> 0.0887509418
182 : 0.6069466141 0.3034733071 -> 0.0895800788
183 : 0.6052837467 0.3043047408 -> 0.0904115125
184 : 0.6036254351 0.3051293408 -> 0.0912452241
185 : 0.6019716668 0.3059471383 -> 0.0920811949
186 : 0.6003224293 0.3067581644 -> 0.0929194063
187 : 0.5986777103 0.3075624501 -> 0.0937598396
188 : 0.5970374974 0.3083600261 -> 0.0946024764
189 : 0.5954017783 0.3091509233 -> 0.0954472984
190 : 0.5937705405 0.3099351722 -> 0.0962942872
191 : 0.5921437719 0.3107128034 -> 0.0971434247
192 : 0.5905214602 0.3114838471 -> 0.0979946927
193 : 0.5889035932 0.3122483337 -> 0.0988480731
194 : 0.5872901587 0.3130062934 -> 0.0997035480
195 : 0.5856811446 0.3137577560 -> 0.1005610994
196 : 0.5840765387 0.3145027516 -> 0.1014207097
197 : 0.5824763290 0.3152413099 -> 0.1022823611
198 : 0.5808805034 0.3159734607 -> 0.1031460359
199 : 0.5792890500 0.3166992334 -> 0.1040117166
200 : 0.5777019567 0.3174186575 -> 0.1048793858
201 : 0.5761192116 0.3181317625 -> 0.1057490259
202 : 0.5745408028 0.3188385774 -> 0.1066206198
203 : 0.5729667184 0.3195391314 -> 0.1074941502
204 : 0.5713969466 0.3202334536 -> 0.1083695998
205 : 0.5698314755 0.3209215727 -> 0.1092469518
206 : 0.5682702934 0.3216035177 -> 0.1101261889
207 : 0.5667133885 0.3222793171 -> 0.1110072945
208 : 0.5651607490 0.3229489995 -> 0.1118902515
209 : 0.5636123634 0.3236125933 -> 0.1127750433
210 : 0.5620682200 0.3242701269 -> 0.1136616531
211 : 0.5605283070 0.3249216285 -> 0.1145500644
212 : 0.5589926130 0.3255671263 -> 0.1154402607
213 : 0.5574611264 0.3262066482 -> 0.1163322254
214 : 0.5559338357 0.3268402221 -> 0.1172259422
215 : 0.5544107293 0.3274678758 -> 0.1181213949
216 : 0.5528917958 0.3280896371 -> 0.1190185672
217 : 0.5513770237 0.3287055334 -> 0.1199174429
218 : 0.5498664017 0.3293155923 -> 0.1208180060
219 : 0.5483599185 0.3299198410 -> 0.1217202405
220 : 0.5468575625 0.3305183070 -> 0.1226241305
221 : 0.5453593226 0.3311110173 -> 0.1235296601
222 : 0.5438651875 0.3316979990 -> 0.1244368136
223 : 0.5423751459 0.3322792789 -> 0.1253455752
224 : 0.5408891866 0.3328548840 -> 0.1262559294
225 : 0.5394072984 0.3334248410 -> 0.1271678606
226 : 0.5379294702 0.3339891765 -> 0.1280813533
227 : 0.5364556908 0.3345479171 -> 0.1289963921
228 : 0.5349859492 0.3351010891 -> 0.1299129618
229 : 0.5335202343 0.3356487188 -> 0.1308310469
230 : 0.5320585350 0.3361908325 -> 0.1317506325
231 : 0.5306008404 0.3367274564 -> 0.1326717032
232 : 0.5291471394 0.3372586163 -> 0.1335942442
233 : 0.5276974212 0.3377843383 -> 0.1345182404
234 : 0.5262516749 0.3383046481 -> 0.1354436770
235 : 0.5248098895 0.3388195715 -> 0.1363705390
236 : 0.5233720542 0.3393291340 -> 0.1372988118
237 : 0.5219381581 0.3398333612 -> 0.1382284807
238 : 0.5205081906 0.3403322784 -> 0.1391595310
239 : 0.5190821407 0.3408259111 -> 0.1400919482
240 : 0.5176599979 0.3413142843 -> 0.1410257178
241 : 0.5162417513 0.3417974233 -> 0.1419608254
242 : 0.5148273903 0.3422753529 -> 0.1428972567
243 : 0.5134169043 0.3427480982 -> 0.1438349974
244 : 0.5120102827 0.3432156840 -> 0.1447740333
245 : 0.5106075148 0.3436781350 -> 0.1457143502
246 : 0.5092085901 0.3441354757 -> 0.1466559342
247 : 0.5078134981 0.3445877308 -> 0.1475987711
248 : 0.5064222282 0.3450349247 -> 0.1485428471
249 : 0.5050347701 0.3454770817 -> 0.1494881482
250 : 0.5036511131 0.3459142261 -> 0.1504346608
251 : 0.5022712471 0.3463463819 -> 0.1513823710
252 : 0.5008951615 0.3467735733 -> 0.1523312652
253 : 0.4995228460 0.3471958243 -> 0.1532813298
254 : 0.4981542902 0.3476131586 -> 0.1542325512
255 : 0.4967894839 0.3480256000 -> 0.1551849160
256 : 0.4954284169 0.3484331723 -> 0.1561384108
257 : 0.4940710787 0.3488358990 -> 0.1570930223
258 : 0.4927174593 0.3492338036 -> 0.1580487371
259 : 0.4913675485 0.3496269095 -> 0.1590055420
260 : 0.4900213360 0.3500152400 -> 0.1599634239
261 : 0.4886788118 0.3503988184 -> 0.1609223698
262 : 0.4873399658 0.3507776677 -> 0.1618823666
263 : 0.4860047878 0.3511518110 -> 0.1628434013
264 : 0.4846732678 0.3515212712 -> 0.1638054610
265 : 0.4833453958 0.3518860712 -> 0.1647685330
266 : 0.4820211619 0.3522462337 -> 0.1657326044
267 : 0.4807005560 0.3526017814 -> 0.1666976626
268 : 0.4793835681 0.3529527370 -> 0.1676636949
269 : 0.4780701885 0.3532991228 -> 0.1686306887
270 : 0.4767604072 0.3536409614 -> 0.1695986315
271 : 0.4754542143 0.3539782749 -> 0.1705675108
272 : 0.4741516000 0.3543110857 -> 0.1715373143
273 : 0.4728525545 0.3546394159 -> 0.1725080296
274 : 0.4715570680 0.3549632875 -> 0.1734796445
275 : 0.4702651309 0.3552827225 -> 0.1744521466
276 : 0.4689767333 0.3555977428 -> 0.1754255239
277 : 0.4676918655 0.3559083702 -> 0.1763997643
278 : 0.4664105179 0.3562146263 -> 0.1773748558
279 : 0.4651326809 0.3565165329 -> 0.1783507862
280 : 0.4638583448 0.3568141114 -> 0.1793275439
281 : 0.4625875000 0.3571073832 -> 0.1803051168
282 : 0.4613201370 0.3573963699 -> 0.1812834932
283 : 0.4600562462 0.3576810925 -> 0.1822626613
284 : 0.4587958181 0.3579615724 -> 0.1832426095
285 : 0.4575388433 0.3582378306 -> 0.1842233261
286 : 0.4562853122 0.3585098882 -> 0.1852047996
287 : 0.4550352155 0.3587777660 -> 0.1861870185
288 : 0.4537885436 0.3590414851 -> 0.1871699713
289 : 0.4525452873 0.3593010661 -> 0.1881536466
290 : 0.4513054372 0.3595565297 -> 0.1891380331
291 : 0.4500689840 0.3598078965 -> 0.1901231195
292 : 0.4488359183 0.3600551872 -> 0.1911088945
293 : 0.4476062308 0.3602984221 -> 0.1920953471
294 : 0.4463799124 0.3605376215 -> 0.1930824661
295 : 0.4451569537 0.3607728059 -> 0.1940702404
296 : 0.4439373456 0.3610039954 -> 0.1950586590
297 : 0.4427210789 0.3612312100 -> 0.1960477111
298 : 0.4415081445 0.3614544699 -> 0.1970373856
299 : 0.4402985331 0.3616737951 -> 0.1980276718
300 : 0.4390922358 0.3618892053 -> 0.1990185589
301 : 0.4378892433 0.3621007205 -> 0.2000100362
302 : 0.4366895468 0.3623083602 -> 0.2010020930
303 : 0.4354931371 0.3625121443 -> 0.2019947186
304 : 0.4343000052 0.3627120922 -> 0.2029879026
305 : 0.4331101422 0.3629082235 -> 0.2039816343
306 : 0.4319235390 0.3631005575 -> 0.2049759034
307 : 0.4307401869 0.3632891136 -> 0.2059706995
308 : 0.4295600768 0.3634739111 -> 0.2069660121
309 : 0.4283831998 0.3636549691 -> 0.2079618311
310 : 0.4272095472 0.3638323067 -> 0.2089581460
311 : 0.4260391101 0.3640059430 -> 0.2099549469
312 : 0.4248718797 0.3641758969 -> 0.2109522234
313 : 0.4237078471 0.3643421872 -> 0.2119499656
314 : 0.4225470037 0.3645048329 -> 0.2129481634
315 : 0.4213893407 0.3646638525 -> 0.2139468068
316 : 0.4202348494 0.3648192648 -> 0.2149458858
317 : 0.4190835210 0.3649710883 -> 0.2159453907
318 : 0.4179353470 0.3651193416 -> 0.2169453115
319 : 0.4167903186 0.3652640430 -> 0.2179456384
320 : 0.4156484273 0.3654052108 -> 0.2189463618
321 : 0.4145096645 0.3655428635 -> 0.2199474720
322 : 0.4133740216 0.3656770191 -> 0.2209489593
323 : 0.4122414900 0.3658076958 -> 0.2219508141
324 : 0.4111120613 0.3659349117 -> 0.2229530270
325 : 0.4099857269 0.3660586847 -> 0.2239555884
326 : 0.4088624783 0.3661790328 -> 0.2249584889
327 : 0.4077423071 0.3662959737 -> 0.2259617191
328 : 0.4066252049 0.3664095253 -> 0.2269652697
329 : 0.4055111633 0.3665197053 -> 0.2279691315
330 : 0.4044001738 0.3666265312 -> 0.2289732950
331 : 0.4032922281 0.3667300206 -> 0.2299777513
332 : 0.4021873179 0.3668301910 -> 0.2309824911
333 : 0.4010854348 0.3669270599 -> 0.2319875053
334 : 0.3999865706 0.3670206445 -> 0.2329927849
335 : 0.3988907170 0.3671109621 -> 0.2339983209
336 : 0.3977978657 0.3671980299 -> 0.2350041044
337 : 0.3967080086 0.3672818651 -> 0.2360101264
338 : 0.3956211373 0.3673624846 -> 0.2370163781
339 : 0.3945372438 0.3674399056 -> 0.2380228506
340 : 0.3934563198 0.3675141449 -> 0.2390295353
341 : 0.3923783573 0.3675852193 -> 0.2400364234
342 : 0.3913033481 0.3676531457 -> 0.2410435062
343 : 0.3902312841 0.3677179408 -> 0.2420507750
344 : 0.3891621573 0.3677796212 -> 0.2430582215
345 : 0.3880959596 0.3678382035 -> 0.2440658369
346 : 0.3870326830 0.3678937042 -> 0.2450736128
347 : 0.3859723195 0.3679461398 -> 0.2460815407
348 : 0.3849148611 0.3679955266 -> 0.2470896123
349 : 0.3838602998 0.3680418809 -> 0.2480978193
350 : 0.3828086278 0.3680852190 -> 0.2491061532
351 : 0.3817598370 0.3681255571 -> 0.2501146058
352 : 0.3807139197 0.3681629113 -> 0.2511231690
353 : 0.3796708678 0.3681972977 -> 0.2521318345
354 : 0.3786306737 0.3682287321 -> 0.2531405942
355 : 0.3775933294 0.3682572306 -> 0.2541494401
356 : 0.3765588271 0.3682828089 -> 0.2551583640
357 : 0.3755271591 0.3683054829 -> 0.2561673580
358 : 0.3744983175 0.3683252684 -> 0.2571764141
359 : 0.3734722948 0.3683421808 -> 0.2581855244
360 : 0.3724490830 0.3683562359 -> 0.2591946811
361 : 0.3714286745 0.3683674492 -> 0.2602038763
362 : 0.3704110617 0.3683758361 -> 0.2612131021
363 : 0.3693962369 0.3683814121 -> 0.2622223510
364 : 0.3683841924 0.3683841924 -> 0.2632316152
365 : 0.3673749207 0.3683841924 -> 0.2642408869
366 : 0.3663684140 0.3683814273 -> 0.2652501587
367 : 0.3653646650 0.3683759122 -> 0.2662594229
368 : 0.3643636659 0.3683676622 -> 0.2672686719
369 : 0.3633654093 0.3683566923 -> 0.2682778984
370 : 0.3623698876 0.3683430176 -> 0.2692870948
371 : 0.3613770934 0.3683266529 -> 0.2702962538
372 : 0.3603870191 0.3683076130 -> 0.2713053679
373 : 0.3593996574 0.3682859127 -> 0.2723144298
374 : 0.3584150008 0.3682615668 -> 0.2733234323
375 : 0.3574330419 0.3682345899 -> 0.2743323681
376 : 0.3564537733 0.3682049966 -> 0.2753412300
377 : 0.3554771877 0.3681728015 -> 0.2763500108
378 : 0.3545032776 0.3681380190 -> 0.2773587035
379 : 0.3535320357 0.3681006635 -> 0.2783673008
380 : 0.3525634548 0.3680607495 -> 0.2793757957
381 : 0.3515975275 0.3680182911 -> 0.2803841814
382 : 0.3506342466 0.3679733028 -> 0.2813924506
383 : 0.3496736048 0.3679257985 -> 0.2824005967
384 : 0.3487155950 0.3678757925 -> 0.2834086126
385 : 0.3477602098 0.3678232988 -> 0.2844164914
386 : 0.3468074421 0.3677683314 -> 0.2854242265
387 : 0.3458572847 0.3677109043 -> 0.2864318110
388 : 0.3449097305 0.3676510314 -> 0.2874392381
389 : 0.3439647723 0.3675887265 -> 0.2884465012
390 : 0.3430224031 0.3675240033 -> 0.2894535936
391 : 0.3420826157 0.3674568756 -> 0.2904605087
392 : 0.3411454030 0.3673873571 -> 0.2914672399
393 : 0.3402107581 0.3673154613 -> 0.2924737806
394 : 0.3392786738 0.3672412019 -> 0.2934801243
395 : 0.3383491432 0.3671645922 -> 0.2944862646
396 : 0.3374221593 0.3670856458 -> 0.2954921950
397 : 0.3364977150 0.3670043760 -> 0.2964979091
398 : 0.3355758034 0.3669207961 -> 0.2975034005
399 : 0.3346564177 0.3668349194 -> 0.2985086630
400 : 0.3337395508 0.3667467591 -> 0.2995136901
401 : 0.3328251958 0.3666563284 -> 0.3005184758
402 : 0.3319133460 0.3665636404 -> 0.3015230137
403 : 0.3310039944 0.3664687080 -> 0.3025272976
404 : 0.3300971341 0.3663715444 -> 0.3035313215
405 : 0.3291927584 0.3662721625 -> 0.3045350791
406 : 0.3282908604 0.3661705751 -> 0.3055385645
407 : 0.3273914334 0.3660667950 -> 0.3065417716
408 : 0.3264944706 0.3659608351 -> 0.3075446943
409 : 0.3255999652 0.3658527081 -> 0.3085473267
410 : 0.3247079105 0.3657424266 -> 0.3095496629
411 : 0.3238182998 0.3656300033 -> 0.3105516969
412 : 0.3229311263 0.3655154507 -> 0.3115534230
413 : 0.3220463835 0.3653987813 -> 0.3125548352
414 : 0.3211640647 0.3652800076 -> 0.3135559277
415 : 0.3202841631 0.3651591420 -> 0.3145566949
416 : 0.3194066723 0.3650361969 -> 0.3155571309
417 : 0.3185315855 0.3649111845 -> 0.3165572300
418 : 0.3176588962 0.3647841171 -> 0.3175569867
419 : 0.3167885979 0.3646550069 -> 0.3185563952
420 : 0.3159206839 0.3645238660 -> 0.3195554501
421 : 0.3150551478 0.3643907066 -> 0.3205541456
422 : 0.3141919830 0.3642555407 -> 0.3215524763
423 : 0.3133311830 0.3641183803 -> 0.3225504367
424 : 0.3124727414 0.3639792373 -> 0.3235480213
425 : 0.3116166517 0.3638381236 -> 0.3245452247
426 : 0.3107629075 0.3636950511 -> 0.3255420414
427 : 0.3099115023 0.3635500315 -> 0.3265384662
428 : 0.3090624297 0.3634030766 -> 0.3275344937
429 : 0.3082156833 0.3632541981 -> 0.3285301186
430 : 0.3073712567 0.3631034077 -> 0.3295253356
431 : 0.3065291437 0.3629507169 -> 0.3305201394
432 : 0.3056893378 0.3627961372 -> 0.3315145250
433 : 0.3048518328 0.3626396802 -> 0.3325084870
434 : 0.3040166223 0.3624813574 -> 0.3335020203
435 : 0.3031837000 0.3623211800 -> 0.3344951200
436 : 0.3023530598 0.3621591595 -> 0.3354877807
437 : 0.3015246952 0.3619953072 -> 0.3364799976
438 : 0.3006986002 0.3618296343 -> 0.3374717656
439 : 0.2998747684 0.3616621520 -> 0.3384630796
440 : 0.2990531937 0.3614928715 -> 0.3394539348
441 : 0.2982338699 0.3613218039 -> 0.3404443263
442 : 0.2974167908 0.3611489602 -> 0.3414342490
443 : 0.2966019502 0.3609743515 -> 0.3424236982
444 : 0.2957893422 0.3607979888 -> 0.3434126690
445 : 0.2949789604 0.3606198829 -> 0.3444011567
446 : 0.2941707989 0.3604400448 -> 0.3453891564
447 : 0.2933648515 0.3602584852 -> 0.3463766633
448 : 0.2925611122 0.3600752150 -> 0.3473636729
449 : 0.2917595749 0.3598902448 -> 0.3483501803
450 : 0.2909602336 0.3597035854 -> 0.3493361810
451 : 0.2901630822 0.3595152475 -> 0.3503216703
452 : 0.2893681149 0.3593252416 -> 0.3513066436
453 : 0.2885753255 0.3591335782 -> 0.3522910963
454 : 0.2877847082 0.3589402679 -> 0.3532750239
455 : 0.2869962569 0.3587453212 -> 0.3542584219
456 : 0.2862099658 0.3585487484 -> 0.3552412858
457 : 0.2854258289 0.3583505600 -> 0.3562236111
458 : 0.2846438404 0.3581507662 -> 0.3572053935
459 : 0.2838639942 0.3579493773 -> 0.3581866284
460 : 0.2830862847 0.3577464037 -> 0.3591673117
461 : 0.2823107058 0.3575418554 -> 0.3601474388
462 : 0.2815372518 0.3573357427 -> 0.3611270055
463 : 0.2807659169 0.3571280756 -> 0.3621060076
464 : 0.2799966952 0.3569188642 -> 0.3630844406
465 : 0.2792295809 0.3567081185 -> 0.3640623005
466 : 0.2784645684 0.3564958485 -> 0.3650395831
467 : 0.2777016518 0.3562820642 -> 0.3660162840
468 : 0.2769408253 0.3560667754 -> 0.3669923993
469 : 0.2761820833 0.3558499920 -> 0.3679679247
470 : 0.2754254201 0.3556317237 -> 0.3689428562
471 : 0.2746708299 0.3554119804 -> 0.3699171896
472 : 0.2739183071 0.3551907718 -> 0.3708909211
473 : 0.2731678460 0.3549681075 -> 0.3718640465
474 : 0.2724194409 0.3547439972 -> 0.3728365619
475 : 0.2716730863 0.3545184505 -> 0.3738084632
476 : 0.2709287764 0.3542914769 -> 0.3747797467
477 : 0.2701865058 0.3540630859 -> 0.3757504082
478 : 0.2694462688 0.3538332871 -> 0.3767204441
479 : 0.2687080599 0.3536020898 -> 0.3776898504
480 : 0.2679718734 0.3533695034 -> 0.3786586232
481 : 0.2672377039 0.3531355373 -> 0.3796267588
482 : 0.2665055458 0.3529002008 -> 0.3805942535
483 : 0.2657753936 0.3526635031 -> 0.3815611033
484 : 0.2650472419 0.3524254535 -> 0.3825273047
485 : 0.2643210850 0.3521860611 -> 0.3834928539
486 : 0.2635969177 0.3519453351 -> 0.3844577472
487 : 0.2628747343 0.3517032847 -> 0.3854219810
488 : 0.2621545296 0.3514599188 -> 0.3863855516
489 : 0.2614362980 0.3512152465 -> 0.3873484555
490 : 0.2607200342 0.3509692768 -> 0.3883106891
491 : 0.2600057327 0.3507220186 -> 0.3892722487
492 : 0.2592933882 0.3504734808 -> 0.3902331310
493 : 0.2585829954 0.3502236723 -> 0.3911933323
494 : 0.2578745488 0.3499726020 -> 0.3921528492
495 : 0.2571680432 0.3497202785 -> 0.3931116783
496 : 0.2564634732 0.3494667108 -> 0.3940698160
497 : 0.2557608336 0.3492119074 -> 0.3950272590
498 : 0.2550601190 0.3489558770 -> 0.3959840040
499 : 0.2543613241 0.3486986284 -> 0.3969400475
500 : 0.2536644438 0.3484401700 -> 0.3978953862
501 : 0.2529694727 0.3481805105 -> 0.3988500168
502 : 0.2522764056 0.3479196583 -> 0.3998039360
503 : 0.2515852374 0.3476576220 -> 0.4007571406
504 : 0.2508959628 0.3473944100 -> 0.4017096272
505 : 0.2502085766 0.3471300307 -> 0.4026613927
506 : 0.2495230736 0.3468644925 -> 0.4036124339
507 : 0.2488394488 0.3465978037 -> 0.4045627476
508 : 0.2481576969 0.3463299725 -> 0.4055123306
509 : 0.2474778128 0.3460610074 -> 0.4064611798
510 : 0.2467997914 0.3457909165 -> 0.4074092922
511 : 0.2461236275 0.3455197079 -> 0.4083566645
512 : 0.2454493162 0.3452473899 -> 0.4093032939
513 : 0.2447768524 0.3449739705 -> 0.4102491771
514 : 0.2441062308 0.3446994578 -> 0.4111943113
515 : 0.2434374467 0.3444238600 -> 0.4121386934
516 : 0.2427704947 0.3441471849 -> 0.4130823204
517 : 0.2421053701 0.3438694405 -> 0.4140251894
518 : 0.2414420677 0.3435906348 -> 0.4149672975
519 : 0.2407805826 0.3433107757 -> 0.4159086417
520 : 0.2401209098 0.3430298711 -> 0.4168492191
521 : 0.2394630443 0.3427479287 -> 0.4177890270
522 : 0.2388069811 0.3424649565 -> 0.4187280624
523 : 0.2381527154 0.3421809620 -> 0.4196663226
524 : 0.2375002422 0.3418959531 -> 0.4206038047
525 : 0.2368495566 0.3416099375 -> 0.4215405059
526 : 0.2362006537 0.3413229227 -> 0.4224764235
527 : 0.2355535287 0.3410349165 -> 0.4234115548
528 : 0.2349081765 0.3407459264 -> 0.4243458971
529 : 0.2342645925 0.3404559600 -> 0.4252794476
530 : 0.2336227717 0.3401650247 -> 0.4262122036
531 : 0.2329827093 0.3398731281 -> 0.4271441626
532 : 0.2323444005 0.3395802777 -> 0.4280753218
533 : 0.2317078405 0.3392864807 -> 0.4290056788
534 : 0.2310730245 0.3389917447 -> 0.4299352308
535 : 0.2304399477 0.3386960770 -> 0.4308639753
536 : 0.2298086054 0.3383994849 -> 0.4317919097
537 : 0.2291789928 0.3381019756 -> 0.4327190316
538 : 0.2285511051 0.3378035565 -> 0.4336453384
539 : 0.2279249377 0.3375042347 -> 0.4345708276
540 : 0.2273004858 0.3372040174 -> 0.4354954967
541 : 0.2266777448 0.3369029119 -> 0.4364193433
542 : 0.2260567099 0.3366009251 -> 0.4373423650
543 : 0.2254373764 0.3362980643 -> 0.4382645593
544 : 0.2248197398 0.3359943363 -> 0.4391859239
545 : 0.2242037953 0.3356897484 -> 0.4401064563
546 : 0.2235895383 0.3353843074 -> 0.4410261543
547 : 0.2229769642 0.3350780204 -> 0.4419450154
548 : 0.2223660684 0.3347708942 -> 0.4428630373
549 : 0.2217568463 0.3344629358 -> 0.4437802179
550 : 0.2211492933 0.3341541520 -> 0.4446965547
551 : 0.2205434048 0.3338445496 -> 0.4456120455
552 : 0.2199391763 0.3335341355 -> 0.4465266881
553 : 0.2193366033 0.3332229165 -> 0.4474404803
554 : 0.2187356810 0.3329108992 -> 0.4483534198
555 : 0.2181364052 0.3325980904 -> 0.4492655044
556 : 0.2175387712 0.3322844967 -> 0.4501767321
557 : 0.2169427746 0.3319701249 -> 0.4510871006
558 : 0.2163484108 0.3316549814 -> 0.4519966077
559 : 0.2157556755 0.3313390730 -> 0.4529052515
560 : 0.2151645640 0.3310224062 -> 0.4538130298
561 : 0.2145750721 0.3307049874 -> 0.4547199405
562 : 0.2139871951 0.3303868233 -> 0.4556259816
563 : 0.2134009289 0.3300679202 -> 0.4565311510
564 : 0.2128162688 0.3297482846 -> 0.4574354466
565 : 0.2122332105 0.3294279229 -> 0.4583388666
566 : 0.2116517497 0.3291068415 -> 0.4592414088
567 : 0.2110718819 0.3287850467 -> 0.4601430714
568 : 0.2104936027 0.3284625449 -> 0.4610438524
569 : 0.2099169079 0.3281393423 -> 0.4619437498
570 : 0.2093417931 0.3278154452 -> 0.4628427616
571 : 0.2087682539 0.3274908599 -> 0.4637408862
572 : 0.2081962861 0.3271655925 -> 0.4646381214
573 : 0.2076258853 0.3268396492 -> 0.4655344655
574 : 0.2070570473 0.3265130361 -> 0.4664299166
575 : 0.2064897677 0.3261857594 -> 0.4673244728
576 : 0.2059240423 0.3258578252 -> 0.4682181324
577 : 0.2053598669 0.3255292395 -> 0.4691108936
578 : 0.2047972371 0.3252000084 -> 0.4700027545
579 : 0.2042361488 0.3248701378 -> 0.4708937135
580 : 0.2036765977 0.3245396337 -> 0.4717837686
581 : 0.2031185796 0.3242085021 -> 0.4726729183
582 : 0.2025620903 0.3238767489 -> 0.4735611608
583 : 0.2020071257 0.3235443799 -> 0.4744484944
584 : 0.2014536815 0.3232114011 -> 0.4753349173
585 : 0.2009017536 0.3228778184 -> 0.4762204280
586 : 0.2003513379 0.3225436374 -> 0.4771050248
587 : 0.1998024301 0.3222088639 -> 0.4779887060
588 : 0.1992550262 0.3218735038 -> 0.4788714700
589 : 0.1987091220 0.3215375628 -> 0.4797533152
590 : 0.1981647135 0.3212010465 -> 0.4806342400
591 : 0.1976217964 0.3208639607 -> 0.4815142429
592 : 0.1970803668 0.3205263109 -> 0.4823933222
593 : 0.1965404206 0.3201881029 -> 0.4832714765
594 : 0.1960019537 0.3198493421 -> 0.4841487042
595 : 0.1954649621 0.3195100342 -> 0.4850250038
596 : 0.1949294416 0.3191701847 -> 0.4859003737
597 : 0.1943953884 0.3188297991 -> 0.4867748126
598 : 0.1938627983 0.3184888829 -> 0.4876483189
599 : 0.1933316673 0.3181474415 -> 0.4885208912
600 : 0.1928019915 0.3178054805 -> 0.4893925280
601 : 0.1922737669 0.3174630052 -> 0.4902632279
602 : 0.1917469894 0.3171200210 -> 0.4911329896
603 : 0.1912216552 0.3167765332 -> 0.4920018116
604 : 0.1906977603 0.3164325473 -> 0.4928696925
605 : 0.1901753007 0.3160880684 -> 0.4937366310
606 : 0.1896542724 0.3157431019 -> 0.4946026257
607 : 0.1891346717 0.3153976531 -> 0.4954676753
608 : 0.1886164945 0.3150517271 -> 0.4963317784
609 : 0.1880997370 0.3147053292 -> 0.4971949338
610 : 0.1875843952 0.3143584645 -> 0.4980571402
611 : 0.1870704654 0.3140111383 -> 0.4989183963
612 : 0.1865579436 0.3136633557 -> 0.4997787008
613 : 0.1860468259 0.3133151217 -> 0.5006380524
614 : 0.1855371086 0.3129664414 -> 0.5014964500
615 : 0.1850287877 0.3126173199 -> 0.5023538923
616 : 0.1845218595 0.3122677623 -> 0.5032103781
617 : 0.1840163202 0.3119177735 -> 0.5040659063
618 : 0.1835121659 0.3115673586 -> 0.5049204755
619 : 0.1830093928 0.3112165225 -> 0.5057740847
620 : 0.1825079973 0.3108652700 -> 0.5066267327
621 : 0.1820079753 0.3105136063 -> 0.5074784184
622 : 0.1815093234 0.3101615361 -> 0.5083291406
623 : 0.1810120375 0.3098090642 -> 0.5091788982
624 : 0.1805161141 0.3094561957 -> 0.5100276902
625 : 0.1800215494 0.3091029352 -> 0.5108755154
626 : 0.1795283397 0.3087492875 -> 0.5117223727
627 : 0.1790364813 0.3083952576 -> 0.5125682612
628 : 0.1785459704 0.3080408499 -> 0.5134131797
629 : 0.1780568033 0.3076860695 -> 0.5142571272
630 : 0.1775689765 0.3073309208 -> 0.5151001028
631 : 0.1770824861 0.3069754086 -> 0.5159421053
632 : 0.1765973286 0.3066195376 -> 0.5167831338
633 : 0.1761135003 0.3062633124 -> 0.5176231873
634 : 0.1756309976 0.3059067375 -> 0.5184622649
635 : 0.1751498168 0.3055498177 -> 0.5193003656
636 : 0.1746699542 0.3051925574 -> 0.5201374883
637 : 0.1741914064 0.3048349612 -> 0.5209736323
638 : 0.1737141697 0.3044770337 -> 0.5218087966
639 : 0.1732382405 0.3041187793 -> 0.5226429803
640 : 0.1727636151 0.3037602025 -> 0.5234761824
641 : 0.1722902902 0.3034013077 -> 0.5243084021
642 : 0.1718182620 0.3030420994 -> 0.5251396386
643 : 0.1713475270 0.3026825821 -> 0.5259698909
644 : 0.1708780817 0.3023227600 -> 0.5267991583
645 : 0.1704099226 0.3019626376 -> 0.5276274398
646 : 0.1699430461 0.3016022192 -> 0.5284547347
647 : 0.1694774487 0.3012415091 -> 0.5292810421
648 : 0.1690131269 0.3008805117 -> 0.5301063614
649 : 0.1685500773 0.3005192312 -> 0.5309306915
650 : 0.1680882962 0.3001576719 -> 0.5317540319
651 : 0.1676277804 0.2997958380 -> 0.5325763817
652 : 0.1671685262 0.2994337337 -> 0.5333977401
653 : 0.1667105302 0.2990713633 -> 0.5342181065
654 : 0.1662537890 0.2987087308 -> 0.5350374801
655 : 0.1657982992 0.2983458406 -> 0.5358558602
656 : 0.1653440573 0.2979826966 -> 0.5366732461
657 : 0.1648910599 0.2976193031 -> 0.5374896370
658 : 0.1644393035 0.2972556641 -> 0.5383050324
659 : 0.1639887849 0.2968917837 -> 0.5391194314
660 : 0.1635395006 0.2965276658 -> 0.5399328336
661 : 0.1630914471 0.2961633147 -> 0.5407452382
662 : 0.1626446212 0.2957987343 -> 0.5415566445
663 : 0.1621990195 0.2954339285 -> 0.5423670520
664 : 0.1617546387 0.2950689013 -> 0.5431764600
665 : 0.1613114753 0.2947036568 -> 0.5439848680
666 : 0.1608695260 0.2943381987 -> 0.5447922752
667 : 0.1604287876 0.2939725311 -> 0.5455986813
668 : 0.1599892567 0.2936066579 -> 0.5464040855
669 : 0.1595509299 0.2932405828 -> 0.5472084873
670 : 0.1591138041 0.2928743098 -> 0.5480118861
671 : 0.1586778759 0.2925078426 -> 0.5488142815
672 : 0.1582431420 0.2921411852 -> 0.5496156728
673 : 0.1578095991 0.2917743412 -> 0.5504160596
674 : 0.1573772441 0.2914073145 -> 0.5512154414
675 : 0.1569460735 0.2910401089 -> 0.5520138176
676 : 0.1565160843 0.2906727279 -> 0.5528111878
677 : 0.1560872731 0.2903051755 -> 0.5536075514
678 : 0.1556596367 0.2899374552 -> 0.5544029081
679 : 0.1552331720 0.2895695708 -> 0.5551972572
680 : 0.1548078756 0.2892015259 -> 0.5559905985
681 : 0.1543837444 0.2888333241 -> 0.5567829315
682 : 0.1539607753 0.2884649691 -> 0.5575742557
683 : 0.1535389649 0.2880964644 -> 0.5583645706
684 : 0.1531183102 0.2877278137 -> 0.5591538760
685 : 0.1526988080 0.2873590206 -> 0.5599421714
686 : 0.1522804551 0.2869900885 -> 0.5607294564
687 : 0.1518632484 0.2866210210 -> 0.5615157306
688 : 0.1514471847 0.2862518216 -> 0.5623009937
689 : 0.1510322609 0.2858824939 -> 0.5630852452
690 : 0.1506184739 0.2855130412 -> 0.5638684850
691 : 0.1502058205 0.2851434670 -> 0.5646507125
692 : 0.1497942977 0.2847737748 -> 0.5654319274
693 : 0.1493839024 0.2844039680 -> 0.5662121296
694 : 0.1489746314 0.2840340500 -> 0.5669913185
695 : 0.1485664818 0.2836640242 -> 0.5677694940
696 : 0.1481594503 0.2832938940 -> 0.5685466557
697 : 0.1477535340 0.2829236626 -> 0.5693228034
698 : 0.1473487298 0.2825533335 -> 0.5700979367
699 : 0.1469450346 0.2821829099 -> 0.5708720554
700 : 0.1465424455 0.2818123952 -> 0.5716451593
701 : 0.1461409594 0.2814417926 -> 0.5724172480
702 : 0.1457405732 0.2810711054 -> 0.5731883214
703 : 0.1453412839 0.2807003368 -> 0.5739583793
704 : 0.1449430886 0.2803294901 -> 0.5747274213
705 : 0.1445459843 0.2799585685 -> 0.5754954473
706 : 0.1441499679 0.2795875751 -> 0.5762624570
707 : 0.1437550365 0.2792165131 -> 0.5770284504
708 : 0.1433611870 0.2788453858 -> 0.5777934272
709 : 0.1429684167 0.2784741962 -> 0.5785573871
710 : 0.1425767224 0.2781029475 -> 0.5793203301
711 : 0.1421861012 0.2777316428 -> 0.5800822560
712 : 0.1417965503 0.2773602851 -> 0.5808431646
713 : 0.1414080666 0.2769888776 -> 0.5816030558
714 : 0.1410206472 0.2766174234 -> 0.5823619294
715 : 0.1406342893 0.2762459253 -> 0.5831197854
716 : 0.1402489898 0.2758743866 -> 0.5838766235
717 : 0.1398647460 0.2755028102 -> 0.5846324438
718 : 0.1394815549 0.2751311990 -> 0.5853872460
719 : 0.1390994137 0.2747595562 -> 0.5861410301
720 : 0.1387183194 0.2743878846 -> 0.5868937960
721 : 0.1383382692 0.2740161871 -> 0.5876455436
722 : 0.1379592603 0.2736444668 -> 0.5883962729
723 : 0.1375812897 0.2732727265 -> 0.5891459838
724 : 0.1372043547 0.2729009691 -> 0.5898946762
725 : 0.1368284523 0.2725291976 -> 0.5906423501
726 : 0.1364535798 0.2721574147 -> 0.5913890054
727 : 0.1360797344 0.2717856234 -> 0.5921346422
728 : 0.1357069132 0.2714138265 -> 0.5928792603
729 : 0.1353351135 0.2710420267 -> 0.5936228598
730 : 0.1349643323 0.2706702269 -> 0.5943654407
731 : 0.1345945670 0.2702984300 -> 0.5951070030
732 : 0.1342258148 0.2699266386 -> 0.5958475466
733 : 0.1338580728 0.2695548555 -> 0.5965870717
734 : 0.1334913384 0.2691830835 -> 0.5973255781
735 : 0.1331256087 0.2688113253 -> 0.5980630660
736 : 0.1327608810 0.2684395836 -> 0.5987995354
737 : 0.1323971526 0.2680678611 -> 0.5995349863
738 : 0.1320344206 0.2676961605 -> 0.6002694188
739 : 0.1316726825 0.2673244845 -> 0.6010028330
740 : 0.1313119354 0.2669528358 -> 0.6017352288
741 : 0.1309521767 0.2665812169 -> 0.6024666065
742 : 0.1305934036 0.2662096304 -> 0.6031969659
743 : 0.1302356135 0.2658380791 -> 0.6039263074
744 : 0.1298788036 0.2654665655 -> 0.6046546309
745 : 0.1295229712 0.2650950922 -> 0.6053819366
746 : 0.1291681138 0.2647236617 -> 0.6061082245
747 : 0.1288142285 0.2643522767 -> 0.6068334948
748 : 0.1284613128 0.2639809396 -> 0.6075577476
749 : 0.1281093640 0.2636096529 -> 0.6082809831
750 : 0.1277583795 0.2632384192 -> 0.6090032013
751 : 0.1274083565 0.2628672411 -> 0.6097244024
752 : 0.1270592925 0.2624961208 -> 0.6104445867
753 : 0.1267111849 0.2621250610 -> 0.6111637541
754 : 0.1263640309 0.2617540641 -> 0.6118819050
755 : 0.1260178281 0.2613831325 -> 0.6125990394
756 : 0.1256725738 0.2610122686 -> 0.6133151576
757 : 0.1253282654 0.2606414750 -> 0.6140302597
758 : 0.1249849003 0.2602707538 -> 0.6147443459
759 : 0.1246424759 0.2599001077 -> 0.6154574165
760 : 0.1243009896 0.2595295388 -> 0.6161694715
761 : 0.1239604390 0.2591590496 -> 0.6168805114
762 : 0.1236208213 0.2587886425 -> 0.6175905362
763 : 0.1232821342 0.2584183197 -> 0.6182995461
764 : 0.1229443749 0.2580480836 -> 0.6190075415
765 : 0.1226075410 0.2576779364 -> 0.6197145226
766 : 0.1222716299 0.2573078805 -> 0.6204204895
767 : 0.1219366391 0.2569379182 -> 0.6211254426
768 : 0.1216025662 0.2565680517 -> 0.6218293821
769 : 0.1212694085 0.2561982832 -> 0.6225323083
770 : 0.1209371635 0.2558286151 -> 0.6232342214
771 : 0.1206058288 0.2554590495 -> 0.6239351217
772 : 0.1202754019 0.2550895886 -> 0.6246350095
773 : 0.1199458802 0.2547202347 -> 0.6253338851
774 : 0.1196172614 0.2543509898 -> 0.6260317488
775 : 0.1192895428 0.2539818563 -> 0.6267286008
776 : 0.1189627222 0.2536128363 -> 0.6274244415
777 : 0.1186367969 0.2532439319 -> 0.6281192712
778 : 0.1183117646 0.2528751452 -> 0.6288130902
779 : 0.1179876228 0.2525064784 -> 0.6295058988
780 : 0.1176643690 0.2521379336 -> 0.6301976974
781 : 0.1173420009 0.2517695129 -> 0.6308884862
782 : 0.1170205159 0.2514012183 -> 0.6315782657
783 : 0.1166999118 0.2510330520 -> 0.6322670362
784 : 0.1163801860 0.2506650160 -> 0.6329547980
785 : 0.1160613362 0.2502971124 -> 0.6336415514
786 : 0.1157433599 0.2499293431 -> 0.6343272970
787 : 0.1154262548 0.2495617103 -> 0.6350120349
788 : 0.1151100185 0.2491942159 -> 0.6356957656
789 : 0.1147946486 0.2488268619 -> 0.6363784895
790 : 0.1144801427 0.2484596504 -> 0.6370602069
791 : 0.1141664985 0.2480925832 -> 0.6377409183
792 : 0.1138537136 0.2477256625 -> 0.6384206240
793 : 0.1135417856 0.2473588900 -> 0.6390993244
794 : 0.1132307122 0.2469922678 -> 0.6397770200
795 : 0.1129204911 0.2466257978 -> 0.6404537112
796 : 0.1126111199 0.2462594819 -> 0.6411293983
797 : 0.1123025962 0.2458933220 -> 0.6418040818
798 : 0.1119949179 0.2455273200 -> 0.6424777621
799 : 0.1116880825 0.2451614778 -> 0.6431504397
800 : 0.1113820878 0.2447957973 -> 0.6438221150
801 : 0.1110769313 0.2444302802 -> 0.6444927884
802 : 0.1107726110 0.2440649286 -> 0.6451624604
803 : 0.1104691244 0.2436997442 -> 0.6458311314
804 : 0.1101664692 0.2433347288 -> 0.6464988020
805 : 0.1098646433 0.2429698842 -> 0.6471654725
806 : 0.1095636443 0.2426052123 -> 0.6478311434
807 : 0.1092634699 0.2422407149 -> 0.6484958152
808 : 0.1089641179 0.2418763937 -> 0.6491594884
809 : 0.1086655861 0.2415122504 -> 0.6498221634
810 : 0.1083678722 0.2411482870 -> 0.6504838408
811 : 0.1080709739 0.2407845050 -> 0.6511445211
812 : 0.1077748890 0.2404209063 -> 0.6518042047
813 : 0.1074796154 0.2400574926 -> 0.6524628921
814 : 0.1071851507 0.2396942655 -> 0.6531205838
815 : 0.1068914927 0.2393312268 -> 0.6537772804
816 : 0.1065986393 0.2389683782 -> 0.6544329824
817 : 0.1063065882 0.2386057214 -> 0.6550876903
818 : 0.1060153373 0.2382432580 -> 0.6557414046
819 : 0.1057248843 0.2378809898 -> 0.6563941259
820 : 0.1054352271 0.2375189182 -> 0.6570458546
821 : 0.1051463635 0.2371570451 -> 0.6576965914
822 : 0.1048582913 0.2367953720 -> 0.6583463367
823 : 0.1045710083 0.2364339006 -> 0.6589950912
824 : 0.1042845124 0.2360726324 -> 0.6596428553
825 : 0.1039988014 0.2357115690 -> 0.6602896296
826 : 0.1037138731 0.2353507121 -> 0.6609354147
827 : 0.1034297255 0.2349900633 -> 0.6615802112
828 : 0.1031463564 0.2346296240 -> 0.6622240196
829 : 0.1028637637 0.2342693958 -> 0.6628668405
830 : 0.1025819451 0.2339093804 -> 0.6635086744
831 : 0.1023008987 0.2335495792 -> 0.6641495221
832 : 0.1020206223 0.2331899938 -> 0.6647893839
833 : 0.1017411137 0.2328306257 -> 0.6654282606
834 : 0.1014623710 0.2324714763 -> 0.6660661527
835 : 0.1011843919 0.2321125473 -> 0.6667030609
